0.035064697265625
0.035064697265625
0.0322265625
0.032257080078125
0.029510498046875
0.02947998046875
0.026824951171875
0.026824951171875
0.024169921875
0.024200439453125
0.021636962890625
0.021636962890625
0.0191650390625
0.0191650390625
0.016845703125
0.016845703125
0.0146484375
0.014678955078125
0.012542724609375
0.012542724609375
0.010528564453125
0.010528564453125
0.00860595703125
0.008636474609375
0.006866455078125
0.006866455078125
0.00537109375
0.00537109375
0.004241943359375
0.004241943359375
0.00347900390625
0.00347900390625
0.00311279296875
0.00311279296875
0.00311279296875
0.003143310546875
0.00347900390625
0.003509521484375
0.004180908203125
0.004150390625
0.0050048828125
0.0050048828125
0.00592041015625
0.005950927734375
0.0068359375
0.0068359375
0.00775146484375
0.00775146484375
0.0086669921875
0.008636474609375
0.0096435546875
0.009674072265625
0.01080322265625
0.010772705078125
0.011993408203125
0.011993408203125
0.013214111328125
0.01324462890625
0.01434326171875
0.014373779296875
0.015350341796875
0.015380859375
0.01629638671875
0.016265869140625
0.017120361328125
0.017120361328125
0.0179443359375
0.017974853515625
0.01873779296875
0.018768310546875
0.01953125
0.019500732421875
0.02020263671875
0.02020263671875
0.02081298828125
0.02081298828125
0.021331787109375
0.02130126953125
0.021697998046875
0.021697998046875
0.02191162109375
0.02191162109375
0.02191162109375
0.021942138671875
0.021728515625
0.021697998046875
0.0213623046875
0.02142333984375
0.020965576171875
0.020965576171875
0.020477294921875
0.0205078125
0.02008056640625
0.02008056640625
0.019683837890625
0.019683837890625
0.019256591796875
0.019287109375
0.018829345703125
0.018829345703125
0.018280029296875
0.018280029296875
0.017730712890625
0.017730712890625
0.017120361328125
0.01715087890625
0.016510009765625
0.016510009765625
0.015869140625
0.015869140625
0.015167236328125
0.01519775390625
0.01434326171875
0.014373779296875
0.01336669921875
0.013336181640625
0.01220703125
0.012176513671875
0.011016845703125
0.011016845703125
0.0098876953125
0.0098876953125
0.008941650390625
0.008941650390625
0.008209228515625
0.00823974609375
0.007659912109375
0.00762939453125
0.007110595703125
0.007110595703125
0.006500244140625
0.006500244140625
0.00579833984375
0.00579833984375
0.00506591796875
0.005035400390625
0.0042724609375
0.004302978515625
0.0035400390625
0.0035400390625
0.00274658203125
0.002716064453125
0.00177001953125
0.00177001953125
5.4931640625E-4
5.79833984375E-4
-8.544921875E-4
-8.85009765625E-4
-0.002471923828125
-0.00244140625
-0.004150390625
-0.004150390625
-0.005767822265625
-0.00579833984375
-0.007354736328125
-0.007354736328125
-0.00885009765625
-0.00885009765625
-0.01031494140625
-0.01031494140625
-0.011749267578125
-0.011749267578125
-0.01312255859375
-0.013092041015625
-0.01434326171875
-0.014373779296875
-0.0155029296875
-0.0155029296875
-0.01654052734375
-0.016571044921875
-0.01763916015625
-0.01763916015625
-0.018829345703125
-0.018798828125
-0.02008056640625
-0.020050048828125
-0.02142333984375
-0.02142333984375
-0.022796630859375
-0.02276611328125
-0.02410888671875
-0.024078369140625
-0.02520751953125
-0.025238037109375
-0.026214599609375
-0.026214599609375
-0.027008056640625
-0.027008056640625
-0.02764892578125
-0.02764892578125
-0.028106689453125
-0.028076171875
-0.028289794921875
-0.028289794921875
-0.028289794921875
-0.0283203125
-0.02813720703125
-0.02813720703125
-0.027862548828125
-0.027862548828125
-0.02752685546875
-0.02752685546875
-0.0272216796875
-0.0272216796875
-0.02691650390625
-0.02691650390625
-0.026580810546875
-0.026580810546875
-0.026092529296875
-0.026123046875
-0.025360107421875
-0.02532958984375
-0.024261474609375
-0.024261474609375
-0.02294921875
-0.02294921875
-0.0216064453125
-0.0216064453125
-0.020294189453125
-0.020294189453125
-0.01898193359375
-0.01898193359375
-0.017578125
-0.017547607421875
-0.015960693359375
-0.015960693359375
-0.01416015625
-0.01416015625
-0.012298583984375
-0.012298583984375
-0.01068115234375
-0.010650634765625
-0.009307861328125
-0.00933837890625
-0.00811767578125
-0.008148193359375
-0.00689697265625
-0.006927490234375
-0.00555419921875
-0.00555419921875
-0.00408935546875
-0.004119873046875
-0.002593994140625
-0.00262451171875
-0.00115966796875
-0.00115966796875
0.001861572265625
0.00189208984375
0.003753662109375
0.00372314453125
0.005859375
0.005859375
0.008056640625
0.008056640625
0.01019287109375
0.010223388671875
0.01214599609375
0.01214599609375
0.01385498046875
0.013885498046875
0.015533447265625
0.01556396484375
0.017181396484375
0.017181396484375
0.01873779296875
0.01873779296875
0.0201416015625
0.0201416015625
0.021270751953125
0.021270751953125
0.0220947265625
0.0220947265625
0.02264404296875
0.022613525390625
0.022979736328125
0.022979736328125
0.02313232421875
0.023162841796875
0.023223876953125
0.023223876953125
0.023101806640625
0.02313232421875
0.02276611328125
0.022735595703125
0.02203369140625
0.02203369140625
0.021087646484375
0.021087646484375
0.019927978515625
0.01995849609375
0.01873779296875
0.01873779296875
0.01751708984375
0.01751708984375
0.016387939453125
0.016387939453125
0.0152587890625
0.0152587890625
0.01409912109375
0.014068603515625
